-0.0018992353
-7.080926E-4
8.717483E-4
-6.431099E-4
-0.0022503021
-0.0012242871
0.001139944
2.4895917E-4
-1.4214092E-5
-1.2537941E-5
-1.5697234E-4
0.0010090361
-3.849615E-4
-3.4095495E-4
0.0018562337
0.002644159
0.0017372379
4.4152502E-4
3.1969917E-4
0.0013021103
-3.1476004E-5
0.0012945329
0.0011003719
7.7428785E-4
8.483259E-4
0.0018895767
-8.562962E-4
0.0010717259
9.5252716E-4
0.001585718
0.0027070073
0.003359927
7.5659645E-4
4.444048E-4
6.7929295E-4
0.0017006972
0.003220235
0.0026424946
5.1251E-4
8.083541E-4

